8 5
0.8048027702 0.9844707176 0.2885651042 0.7634511005 0.2976433706 
0.0985376828 0.1239303768 0.1780704269 0.4419914785 0.2472919379 
0.6291121516 0.9610898959 0.6587621684 0.5814976876 0.9274908588 
0.1338029113 0.1882870547 0.6872884446 0.4098218006 0.0736537924 
0.8092783972 0.3897339898 0.8748526125 0.0542648539 0.1828074648 
0.7118214160 0.4893519584 0.7814993652 0.1345263720 0.4369235736 
0.0903719776 0.3245112556 0.1683605911 0.9238686782 0.1257999682 
0.2872830860 0.1003114022 0.7775375784 0.7612222934 0.4478772502 
8 5
0.4384966796 0.0645758809 0.1453413153 0.6536695937 0.1138171384 
0.6632788157 0.3486484946 0.0606576179 0.0497132419 0.2356653101 
0.6815910020 0.7998573940 0.8612925766 0.5852900068 0.6842347474 
0.2914088994 0.2794841682 0.7876577828 0.6196196878 0.9701557960 
0.5951854146 0.3982608636 0.6843790712 0.9212035337 0.1073549814 
0.3293964571 0.5400457050 0.5145167818 0.7089935910 0.1942597413 
0.2905813500 0.5059490598 0.2187876707 0.0443906174 0.2568449844 
0.6512952465 0.6459265207 0.3869419585 0.5494060980 0.0633911206 
8 5
0.4289239066 0.9843452288 0.7468489899 0.1399850669 0.0408905015 
0.0436605128 0.2069317743 0.4732292300 0.6923114134 0.6429437229 
0.2795197113 0.3868179345 0.8189381688 0.7161969163 0.4242358609 
0.7594135181 0.6819784839 0.9269042601 0.3261830727 0.8349741172 
0.2923075319 0.1784977068 0.7677882942 0.1396339580 0.9129242274 
0.3911856585 0.2523976772 0.7769177996 0.0316403692 0.6988570340 
0.9122752454 0.7215124022 0.6837759534 0.7589625713 0.1450917224 
0.7571843102 0.5921643586 0.5364134332 0.4957521868 0.5248206034 
21.2349314776
